1415683801,0.24,61692,2
1415687403,0,0,0
1415691001,0,0,0
1415694601,0,0,0
1415698202,0,0,0
1415701802,21.11,3266202,200
1415705402,1.08,404712,30
1415709001,9.65,1195472,42
1415712601,8.84,3558640,65
1415716202,16.59,7437072,138
1415719801,16.48,5825744,100
1415723401,13.74,1244480,22
1415727002,0.72,352416,6
1415730602,0.21,117472,2
1415734201,0,0,0
1415737801,0,0,0
1415741401,0,0,0
1415745002,0,0,0
1415748601,0,0,0
1415752202,0,0,0
1415755801,0,0,0
1415759402,0,0,0
1415763001,0,0,0
1415766602,0,0,0
1415770202,0,0,0
1415773802,0.4,100400,4
1415777402,0,0,0
1415781002,0,0,0
1415784602,0.59,234944,4
1415788202,2.03,939776,16
1415791802,1.04,411152,7
1415795402,5.1,1128454,41
1415799001,2.05,1057248,18
1415802602,11.2,5697392,97
1415806202,0.33,176208,3
1415809802,1.27,646096,11
1415813401,0.13,58736,1
1415817001,0.11,58736,1
1415820602,0.72,352416,6
1415824201,0.43,234944,4
1415827801,0,0,0
1415831401,0,0,0
1415835002,0.22,117472,2
1415838601,0.1,58736,1
1415842201,0,0,0
1415845801,0,0,0
1415849402,0,0,0
1415853002,0.98,469888,8
1415856602,3.6,1762080,30
1415860203,24.02,9896568,182
1415863802,27.87,11378640,198
1415867402,10.96,4672368,82
1415871002,8.67,2990256,54
1415874602,151.11,62222896,1061
1415878202,6.29,2643120,45
1415881802,32.12,12793824,250
1415885402,21.03,9784912,167
1415889002,0.87,411152,7
1415892601,0.14,58736,1
1415896202,0.15,58736,1
1415899802,0,0,0
1415903401,0,0,0
1415907001,0.31,176208,3
1415910602,1.08,528624,9
1415914202,0.23,117472,2
1415917802,0.25,117472,2
1415921401,0.1,58736,1
1415925002,0.36,176208,3
1415928602,0.09,58736,1
1415932202,0.23,117472,2
1415935802,2.75,1409664,24
1415939401,2.04,1230928,23
1415943001,22.35,10401952,182
1415946602,59.38,23879184,411
1415950202,23.77,8390032,143
1415953802,12.61,4182432,80
1415957402,5.84,2554512,45
1415961002,1.83,802528,14
1415964602,18.79,6227800,122
1415968202,19.91,5115972,116
1415971801,18.96,6253248,116
1415975401,4.02,1858128,33
1415979001,0.12,58736,1
1415982601,1.02,469888,8
1415986202,0,0,0
1415989801,0,0,0
1415993401,1.31,469888,8
1415997001,0.5,234944,4
1416000602,0,0,0
1416004202,0.23,117472,2
1416007802,0.23,117472,2
1416011402,0.33,176208,3
1416015002,1.3,704832,12
1416018601,0.34,176208,3
1416022202,0.29,117472,2
1416025802,0.92,389264,7
1416029401,1.45,589472,10
1416033002,0.65,269680,5
1416036603,5.79,2362192,44
1416040204,10.45,3435664,74
1416043802,1.58,820832,16
1416047402,12.05,5342368,99
1416051002,80.87,29471472,514
1416054602,128.12,45787862,813
1416058202,72.9799999999999,29692176,519
1416061801,1.66,763568,13
1416065401,16.19,7107056,121
1416069001,2.7,998512,17
1416072601,3.86,1762080,30
1416076202,0.23,117472,2
1416079801,0.23,117472,2
1416083401,0.22,117472,2
1416087002,0.34,176208,3
1416090602,0,0,0
1416094202,0.1,58736,1
1416097801,0.1,58736,1
1416101402,0.11,58736,1
1416105002,0.12,58736,1
1416108602,0.27,117472,2
1416112202,0.22,117472,2
1416115802,1.86,998512,17
1416119401,1.94,587360,10
1416123001,2.02,881040,15
1416126601,1.37,529168,9
1416130202,9.72,3289216,56
1416133801,4.14,1585872,27
1416137402,0.36,176208,3
1416141002,3.13,600054,32
1416144602,3.75,1703344,29
1416148201,0.81,411152,7
1416151802,0.12,58736,1
1416155402,0.57,293680,5
1416159001,0.36,176208,3
1416162601,0.11,58736,1
1416166201,0,0,0
1416169802,0.22,117472,2
1416173401,0.56,293680,5
1416177001,0.83,411152,7
1416180601,0.72,411152,7
1416184201,3.72,1938288,33
1416187802,0.44,234944,4
1416191401,0.42,234944,4
1416195002,0.1,58736,1
1416198601,52.47,24973536,426
1416202201,17.16,6350424,118
1416205802,112.66,15618544,273
1416209402,13.95,3460848,62
1416213002,10.28,4517952,79
1416216602,3.16,1489872,27
1416220201,4.18,2284176,47
1416223802,47.7399999999999,15994016,281
1416227402,153.54,55355984,955
1416231002,92.24,33670030,604
1416234601,67.4699999999999,21038832,358
1416238201,10.69,4111520,70
1416241801,2.19,998512,17
1416245402,0.81,411152,7
1416249001,0.68,293680,5
1416252602,0,0,0
1416256201,0.23,117472,2
1416259801,5.87,1938288,33
1416263402,6.75,2114496,36
1416267002,0,0,0
1416270602,0,0,0
1416274202,0.12,58736,1
1416277802,0.46,234944,4
1416281401,5.01,1644608,28
1416285001,26.92,9228832,157
1416288602,67.0299999999999,23282336,396
1416292202,67.65,21742928,371
1416295805,28.17,9164496,156
1416299403,1.87,663728,12
1416303003,11.96,4499200,78
1416306601,3.46,1233456,21
1416310202,15.81,5132064,89
1416313802,43.02,11747760,200
1416317402,59.47,15871592,292
1416321002,0.83,411152,7
1416324602,1.55,528624,9
1416328202,0.76,352416,6
1416331802,2.96,1486016,26
1416335403,0.5,234944,4
1416339002,0,0,0
1416342602,0.5,234944,4
1416346202,0.12,58736,1
1416349801,0,0,0
1416353401,0,0,0
1416357001,0,0,0
1416360601,0.1,58736,1
1416364201,0.23,117472,2
1416367801,0,0,0
1416371402,0,0,0
1416375001,48.04,14625264,249
1416378602,19.31,5873600,100
1416382202,3.09,1409664,24
1416385802,0.49,234944,4
1416389403,0.83,352416,6
1416393002,8.12,3217216,56
1416396602,37.15,11554064,197
1416400201,56.02,17283200,294
1416403802,62.5599999999999,23939456,440
1416407401,10.4,3382688,58
1416411001,5.32,1938288,33
1416414601,4.57,1703344,29
1416418201,7.41,2643120,45
1416421801,9.76000000000001,3817840,65
1416425401,7.72,3230480,55
1416429002,1.98,822304,14
1416432602,0.72,352416,6
1416436202,0.24,117472,2
1416439801,0.26,117472,2
1416443402,0,0,0
1416447002,0.24,117472,2
1416450601,0.53,234944,4
1416454201,0.44,234944,4
1416457802,1.16,587360,10
1416461402,47.07,16757824,285
1416465001,56.5799999999999,17985968,306
1416468602,64.83,20504368,349
1416472202,33.88,10751952,183
1416475802,24.24,8046832,137
1416479403,54.89,17601216,301
1416483002,61.5999999999999,21087280,359
1416486602,37.17,11056228,210
1416490202,14.92,5638656,96
1416493802,1.76,822304,14
1416497401,0.59,293680,5
1416501001,1.02,528624,9
1416504602,0.33,176208,3
1416508201,0.58,293680,5
1416511801,1.23,587360,10
1416515402,2.64,1350928,23
1416519002,1.71,881040,15
1416522602,0.14,58736,1
1416526202,0.45,234944,4
1416529802,1.25,646096,11
1416533402,1.19,587360,10
1416537002,1.56,822304,14
1416540601,0.11,58736,1
1416544202,4.25,1959808,35
1416547802,9.24,4175936,76
1416551402,49.41,16404708,291
1416555001,72.7,23691328,407
1416558602,60.64,19638288,336
1416562202,46.2,14507792,247
1416565801,4.75,2181440,40
1416569402,6.57,2452480,46
1416573002,16.52,5824432,103
1416576601,96.2300000000001,30497094,542
1416580201,26.04,9280288,158
1416583802,7.16,3113008,53
1416587402,0.83,411152,7
1416591001,0.76,411152,7
1416594601,13.96,4993008,85
1416598201,7.43,2878064,49
1416601802,6.11,2526736,43
1416605401,3.81,1820816,31
1416609002,2.14,1115984,19
1416612601,1.39,763568,13
1416616201,2.97,1527136,26
1416619802,7.07,3524160,60
1416623401,7.69,3759104,64
1416627001,6.78,3347952,57
1416630602,17.11,7518208,128
1416634202,6.46,2643120,45
1416637801,33.8,13335264,227
1416641401,49.78,14211568,293
1416645001,13.07,4337872,78
1416648602,28.53,9515232,162
1416652202,43.49,15506304,264
1416655802,6.61,2878064,49
1416659401,7.95,3858594,87
1416663001,19.84,7522490,161
1416666601,6.9,2843692,60
1416670202,1.02,482404,11
1416673802,0.29,175880,16
1416677401,0.16,71252,4
1416681001,1.02,528624,9
1416684601,1.27,646096,11
1416688201,3.6,1644608,28
1416691802,3.23,1585872,27
1416695401,1.63,822304,14
1416699001,2.7,1409664,24
1416702601,2.47,1292192,22
1416706202,3.45,1820816,31
1416709802,2.24,1174720,20
1416713402,1.43,763568,13
1416717001,1.19,605936,11
1416720602,1.54,767798,14
1416724201,12.93,6528038,113
1416727802,1.63,771912,15
1416731402,0.58,293680,5
1416735001,1.55,776084,16
1416738602,6.49,3190320,55
1416742201,1.69,849280,17
1416745801,2.8,1134620,32
1416749402,0.23,138330,7
1416753002,1.59,763568,13
1416756602,0.46,234944,4
1416760202,2.21,1139244,21
1416763802,0.49,239116,5
1416767401,0.25,117472,2
1416771001,0.99,352416,6
1416774602,0.37,176208,3
1416778201,2.11,1057248,18
1416781802,0,0,0
1416785401,0,0,0
1416789002,4.28,2231968,38
1416792602,0,0,0
1416796201,0,0,0
1416799802,0.1,58736,1
1416803402,7.37,3876576,66
1416807001,3.81,1908812,39
1416810601,13.69,6198372,109
1416814202,18.96,8022612,147
1416817802,25.44,10878676,188
1416821402,1.88,784422,18
1416825001,6.17,2651464,47
1416828602,0.02,25026,6
1416832202,22.15,9671820,182
1416835802,42.2299999999999,21200266,489
1416839402,4.76,2409400,115
1416843002,51.5700000000001,23414080,400
1416846601,23.67,10513744,179
1416850201,10.38,4933824,84
1416853801,5.01,2588554,45
1416857401,1.13,411152,7
1416861001,0.1,58736,1
1416864601,1.56,822304,14
1416868201,0.66,352416,6
1416871801,0.7,234944,4
1416875402,6.56,3524160,60
1416879002,4.52,2349440,40
1416882601,5.77,3113008,53
1416886201,10.75,5756128,98
1416889802,2.95,1796584,50
1416893402,8.94,5355846,239
1416897002,1.96,2242952,125
1416900602,21.24,9020848,159
1416904202,7.95,3088416,56
1416907803,5.32,2107692,44
1416911403,32.65,14412920,288
1416915002,17.13,9440588,269
1416918602,11.93,6938788,226
1416922202,4.41,1468706,59
1416925802,2.65,1392844,35
1416929402,12.75,5840088,105
1416933002,4.35,1904776,38
1416936601,5.88,2995536,51
1416940202,3.91,2018284,65
1416943802,6.54,3054272,52
1416947402,1.78,939776,16
1416951002,1.39,704832,12
1416954601,0.54,293680,5
1416958201,2.38,1233456,21
1416961802,3.63,1703344,29
1416965401,2.77,1468400,25
1416969001,2.51,1292192,22
1416972602,5.02,2597116,60
1416976201,6.84,3393480,61
1416979802,61.72,22151814,379
1416983402,28.67,9884328,172
1416987002,0.74,247454,7
1416990601,1.78,1351164,52
1416994202,5.45,2804052,74
1416997802,10.13,4603504,88
1417001401,11.89,4576930,148
1417005002,11.77,4608324,81
1417008602,13.36,5502742,111
1417012202,6.78,2995536,51
1417015802,11.31,4992560,85
1417019401,6.1,2861314,58
1417023001,5.09,2525648,43
1417026601,14.38,7031624,129
1417030202,7.15,3406688,58
1417033801,10.04,5227504,89
1417037401,9.61,4522672,77
1417041001,5.54,2936800,50
1417044602,5.16,2701856,46
1417048202,1.65,881040,15
1417051801,0.11,58736,1
1417055401,2.75,1468400,25
1417059001,10.25,4816352,82
1417062602,10.42,4828930,85
1417066201,8.1,3477934,62
1417069802,4.27,1832826,40
1417073402,3.34,1390480,29
1417077002,5.67,2307216,69
1417080602,8.92,3446956,80
1417084201,5.68,2296776,63
1417087802,7.35,2932004,66
1417091402,2.93,1203914,27
1417095002,5.24,1740984,56
1417098602,4.08,1765580,37
1417102201,6.33,3141198,59
1417105802,10.01,4613704,85
1417109401,2.34,1035664,19
1417113002,3.96,1879552,32
1417116602,1.82,939776,16
1417120201,1.51,763568,13
1417123801,2.46,1292192,22
1417127401,5.52,2995536,51
1417131001,5.65,2995536,51
1417134602,3.76,1938288,33
1417138201,1.96,1057248,18
1417141802,1.44,704832,12
1417145402,2.54,1292192,22
1417149002,6,2911536,70
1417152601,3.62,1740518,51
1417156202,2.77,1299464,63
1417159802,7.2,3024726,58
1417163401,9.63,3834164,82
1417167002,8.56,3891436,95
1417170602,8.66,3628442,85
1417174202,13.81,5901926,134
1417177802,3.24,1354974,56
1417181401,3.98,2158750,80
1417185002,0.78,377498,12
1417188602,5.06,2502424,60
1417192202,4.35,2064168,37
1417195802,5.02,2416986,46
1417199402,10.82,5462448,93
1417203001,13.58,7142448,126
1417206602,6.83,3467800,65
1417210201,0.38,176208,3
1417213802,0.23,117472,2
1417217401,0.57,293680,5
1417221002,0.23,117472,2
1417224602,0.58,293680,5
1417228202,1.05,411152,7
1417231801,4.63,2416530,43
1417235401,1.67,909620,28
1417239002,6.85999999999999,4207466,122
1417242602,20.72,10335516,242
1417246201,26.14,11563832,230
1417249802,27.31,11696632,207
1417253401,24.37,10246366,183
1417257002,3.02,1228974,33
1417260602,2.94,1274702,37
1417264202,11.47,5064010,143
1417267802,2.36,800012,49
1417271402,0.89,436236,13
1417275002,1.39,679712,19
1417278601,0.75,352416,6
1417282201,1.31,646096,11
1417285801,2.72,1359332,25
1417289402,5.69,2714462,49
1417293001,3.8,2001226,35
1417296601,6.3,2643120,45
1417300202,3.88,2055760,35
1417303802,2.3,1174720,20
1417307401,0.43,234944,4
1417311002,2.31,1174720,20
1417314601,2.24,998512,17
1417318201,0.88,415354,8
1417321801,4.95,2440374,45
1417325403,0.77,411152,7
1417329002,10.59,5344976,91
1417332602,4.95,2173232,37
1417336202,2.93,1292192,22
1417339801,5.5,2701856,46
1417343402,2.57,1115984,19
1417347002,3.95,1879552,32
1417350602,5.06,2185794,40
1417354201,3.59,1481998,47
1417357802,0.71,352416,6
1417361402,0.63,352416,6
1417365002,0.85,411152,7
1417368601,0.59,293680,5
1417372202,0.21,117472,2
1417375802,0.95,469888,8
1417379402,0.82,411152,7
1417383002,0.1,58736,1
1417386601,0.29,176208,3
1417390202,0.8,411152,7
1417393802,0.2,117472,2
1417397402,0.73,352416,6
1417401001,0.35,176208,3
1417404602,0.69,352416,6
1417408203,0.66,343342,10
1417411802,5.79,2865198,59
1417415402,5.66,1797802,41
1417419002,1.22,566154,18
1417422602,1.52,633242,21
1417426202,0.63,255858,9
1417429802,8.28,2995522,57
1417433402,2,843154,19
1417437002,1.51,666946,16
1417440602,6.69,2909786,65
1417444202,4.02,1879552,32
1417447802,1.62,763568,13
1417451402,2.99,1409664,24
1417455001,4.94,2349440,40
1417458602,12.47,6049808,103
1417462201,11.53,5286240,90
1417465801,12.31,5814864,99
1417469401,5.6,2701856,46
1417473002,8.17,4170256,71
1417476601,13.99,6813376,116
1417480202,6.89,3054272,52
1417483801,5.76,2995536,51
1417487402,2.5,1233456,21
1417491002,2.45,1233456,21
1417494602,1.35,658606,14
1417498202,1.24,604040,14
1417501802,5.9,2732986,63
1417505403,10.16,4099658,92
1417509002,3.89,1577132,37
1417512601,2.53,1133244,35
1417516202,3.22,1407742,44
1417519802,13.88,4748264,94
1417523402,28.93,9270918,191
1417527002,4.62,2426952,95
1417530601,2.54,1114066,47
1417534202,1.85,847416,33
1417537802,1.18,624512,12
1417541402,1.18,587360,10
1417545001,1.57,763568,13
1417548602,0.2,117472,2
1417552202,0.24,117472,2
1417555801,0.42,234944,4
1417559401,0.34,176208,3
1417563001,0.72,411152,7
1417566602,0.36,176208,3
1417570202,0.09,58736,1
1417573801,0.93,469888,8
1417577401,1.63,822304,14
1417581002,9.95,4535190,80
1417584602,10.03,4732240,88
1417588201,16.97,6002358,125
1417591802,2.28,1231964,49
1417595401,11.57,4451212,101
1417599002,13.06,4399536,86
1417602602,16.41,5225726,114
1417606202,24.84,8805626,163
1417609802,24.58,8289718,181
1417613402,35.16,14314094,269
1417617001,0.98,427852,11
1417620601,3.94,1780748,44
1417624201,0.66,367984,9
1417627801,0,0,0
1417631401,1.56,863698,17
1417635001,3.22,1585872,27
1417638602,0.33,176208,3
1417642202,0.55,293680,5
1417645802,0.11,58736,1
1417649402,0.28,125864,4
1417653001,0.49,234944,4
1417656601,0.32,176208,3
1417660201,0.8,364890,9
1417663802,0.86,448304,9
1417667401,6.55,3078568,54
1417671001,13.6,6196946,117
1417674603,6.99999999999999,1984738,55
1417678202,26.83,9406696,177
1417681802,17.83,6614136,122
1417685401,8.77,3021612,57
1417689002,0.8,282742,38
1417692602,9.49,3794214,89
1417696201,2.93,1234114,33
1417699802,16.38,5914932,128
1417703402,5.59,2437526,48
1417707002,0.34,142684,8
1417710602,2.02,1017088,18
1417714201,0.4,188818,19
1417717802,0.31,176208,3
1417721402,0,0,0
1417725002,0.22,117472,2
1417728601,0,0,0
1417732201,0.11,58736,1
1417735801,0,0,0
1417739402,0,0,0
1417743001,0,0,0
1417746601,0.23,117472,2
1417750201,0.21,117472,2
1417753802,2.62,1388690,32
1417757401,22.51,4842492,88
1417761002,18.5,7214922,139
1417764602,4.02,1123568,30
1417768202,0.46,173656,12
1417771802,0.92,385796,14
1417775401,1.78,675114,30
1417779002,1.5,634822,31
1417782602,2.4,585336,19
1417786201,1.54,488192,34
1417789802,0.55,234972,17
1417793401,0.39,200816,15
1417797001,0.01,4202,1
1417800601,0,0,0
1417804202,0.12,58736,1
1417807801,0,0,0
1417811401,0,0,0
1417815002,1.35,763568,13
1417818601,0.12,58736,1
1417822201,0.24,117472,2
1417825802,0.12,58736,1
1417829402,0.1,58736,1
1417833001,0.12,58736,1
1417836602,0.28,79658,6
1417840202,6.8,3545232,65
1417843801,1.81,901898,20
1417847401,2.55,1239194,32
1417851001,15.21,5126742,106
1417854601,9.42,3380000,83
1417858201,14.93,4655486,105
1417861802,0.18,75426,18
1417865401,0.43,209376,24
1417869001,2.86,1354922,37
1417872601,14.58,5726876,112
1417876201,5.16,2468960,42
1417879802,0.23,117472,2
1417883402,0.21,117472,2
1417887001,0.48,234944,4
1417890601,3.52,1644608,28
1417894202,2.54,1292192,22
1417897802,2.38,1233456,21
1417901402,1.95,1057248,18
1417905001,2.36,1174720,20
1417908602,2.98,1409664,24
1417912201,2.44,1233456,21
1417915802,2.52,1233456,21
1417919401,2.45,1174720,20
1417923002,2.67,1350928,23
1417926601,2.68,1233456,21
1417930201,3.02,1585872,27
1417933802,2.54,1292192,22
1417937402,3.46,1174720,20
1417941002,3.29,1292192,22
1417944601,2.47,1057248,18
1417948201,2.79,1174720,20
1417951801,2.88,1292192,22
1417955401,4.63,2366116,44
1417959001,6.31,1443478,37
1417962601,2.48,1115984,19
1417966202,2.76,1409664,24
1417969801,2.22,1115984,19
1417973401,3.09,1585872,27
1417977001,2.38,1174720,20
1417980601,2.83,1468400,25
1417984201,3.72,1585872,27
1417987801,2.67,1409664,24
1417991402,2.05,1057248,18
1417995002,2.28,1233456,21
1417998602,2.16,1174720,20
1418002201,2.57,1115984,19
1418005801,2.5,1292192,22
1418009401,2.27,1174720,20
1418013002,6.04,3069268,54
1418016602,3.87,1860778,37
1418020201,3.28,1455556,35
1418023801,0.04,20860,5
1418027402,2.75,1346428,35
1418031001,4.82,2132956,43
1418034602,2.65,1199752,26
1418038201,3.85,1627674,37
1418041801,0.5,207846,7
1418045402,11.42,3026936,83
1418049001,1.96,1001480,20
1418052601,2.7,1174720,20
1418056202,2.32,1174720,20
1418059801,2.54,1233456,21
1418063402,2.38,1292192,22
1418067001,3.6,1820816,31
1418070602,2.46,1174720,20
1418074202,2.65,1350928,23
1418077802,2.25,1174720,20
1418081401,2.36,1292192,22
1418085002,2.2,1233456,21
1418088601,0.22,117472,2
1418092202,2.68,1292192,22
1418095801,3.81,2055760,35
1418099402,4.09,1770430,32
1418103001,3.22,1568888,36
1418106601,7.81,3515552,71
1418110202,4.81,1996732,47
1418113802,7.84,3021592,57
1418117401,2.52,1212268,29
1418121002,2.97,1153628,28
1418124601,2.74,1145220,26
1418128201,2.57,1195580,25
1418131802,7.39,1385478,50
1418135402,2.52,1057248,18
1418139002,4.05,1721920,30
1418142601,6,2584384,44
1418146202,2.53,1174720,20
1418149802,1.94,998512,17
1418153402,3.34,1468400,25
1418157002,2.03,1057248,18
1418160602,1.9,1057248,18
1418164201,2.68,1115984,19
1418167802,2.32,1057248,18
1418171401,1.93,1057248,18
1418175001,2.81,1115984,19
1418178602,2.38,1237660,22
1418182201,2.14,1120188,20
1418185802,2.79,1476750,27
1418189402,11.32,4849728,90
1418193002,4.21,1791316,37
1418196602,14.27,6095796,114
1418200201,2.74,1216504,30
1418203802,2.93,1384368,31
1418207401,3.07,1313148,27
1418211002,2.8,1313116,27
1418214602,7.19,2966068,57
1418218201,19.73,7752400,150
1418221802,3.24,1644608,28
1418225402,3.88,1997024,34
1418229002,7.46,3700368,63
1418232601,2.58,1174720,20
1418236201,2.62,1350928,23
1418239802,3.15,1468400,25
1418243401,2.36,1292192,22
1418247002,2.46,1292192,22
1418250601,2.29,1233456,21
1418254201,2.38,1350928,23
1418257801,2.36,1233456,21
1418261401,2.31,1233456,21
1418265002,2.51,1292192,22
1418268602,1.76,998512,17
1418272201,3.13,1233456,21
1418275802,2.5,1233456,21
1418279401,2.06,939776,16
1418283002,2.67,1174720,20
1418286601,2.57,1183128,22
1418290201,2.85,1267088,29
1418293801,2.7,1174840,33
1418297401,5.13,2364436,55
1418301002,2.4,1145412,26
1418304602,8.22,1461144,68
1418308201,2.99,1304924,38
1418311802,4.02,1812528,42
1418315402,2.31,1174720,20
1418319001,3.54,1839392,32
1418322602,3.97,1703344,29
1418326201,2.18,998512,17
1418329801,2.15,1174720,20
1418333401,2.19,1174720,20
1418337002,2.26,1174720,20
1418340601,2.78,1292192,22
1418344202,2.23,1174720,20
1418347802,2.03,1057248,18
1418351401,2.06,1115984,19
1418355002,2.75,1409664,24
1418358602,4.27,2122846,38
1418362201,3.07,1212268,29
1418365802,5.62,2532026,67
1418369402,17.64,6693376,128
1418373001,6.92,3125552,56
1418376602,19.79,7722074,133
1418380202,3.44,1539290,42
1418383802,2.76,1224806,32
1418387402,2.93,1304182,51
1418391001,9.04,1441832,53
1418394602,5.66,2520886,81
1418398201,2.58,1333926,32
1418401801,2.1,1057248,18
1418405402,4.94,2426752,42
1418409002,2.31,998512,17
1418412602,1.98,998512,17
1418416202,1.85,998512,17
1418419802,1.84,939776,16
1418423401,2.08,1115984,19
1418427002,2.55,1174720,20
1418430602,3.9,2055760,35
1418434201,2.1,1174720,20
1418437802,2.16,1233456,21
1418441401,3.93,2055760,35
1418445001,4.25,2300182,51
1418448602,2.6,2042154,68
1418452201,2.85,1228652,46
1418455802,3.28,1471876,52
1418459402,2.59,1220600,31
1418463002,3.38,1338074,33
1418466602,2.2,998176,30
1418470201,3.51,1635586,52
1418473802,3.54,1572320,63
1418477402,18.79,6036534,140
1418481001,4.71,1985190,44
1418484602,5.35,2643120,45
1418488202,2.37,1057248,18
1418491801,2.34,1115984,19
1418495402,2.07,1057248,18
1418499002,2.26,1174720,20
1418502602,2.61,1233456,21
1418506202,2.08,1057248,18
1418509801,1.98,1057248,18
1418513402,2.83,1350928,23
1418517002,2.06,1115984,19
1418520601,1.67,881040,15
1418524202,1.97,1057248,18
1418527801,2.22,1115984,19
1418531401,2.78,1468400,25
1418535001,2.09,1115984,19
1418538601,2.07,1115984,19
1418542201,2.95,1187236,23
1418545802,2.38,1250144,25
1418549401,3.35,1342256,34
1418553001,2.29,1191408,24
1418556602,2.65,1115984,19
1418560202,2.11,1065592,20
1418563802,7.55,1509512,43
1418567402,2.65,1317224,28
1418571001,2.28,998512,17
1418574601,1.78,939776,16
1418578201,2.59,1174720,20
1418581801,2.32,1233456,21
1418585402,3.31,1409664,24
1418589001,1.67,881040,15
1418592601,2.07,1057248,18
1418596201,2,1057248,18
1418599802,2.04,1057248,18
1418603402,4.49,2290704,39
1418607001,2.01,998512,17
1418610602,2.85,1252032,22
1418614201,2.29,1174720,20
1418617802,2.2,1006860,19
1418621402,8.54,3486274,64
1418625001,2.13,968966,23
1418628602,4.03,1451364,34
1418632202,2.97,1191400,24
1418635802,3.09,1124324,21
1418639402,2.36,948116,18
1418643002,4.67,1661288,32
1418646602,3.45,1558754,32
1418650202,8.52,1629544,56
1418653802,2.48,1174720,20
1418657402,2.11,998512,17
1418661001,2.46,1115984,19
1418664602,1.81,822304,14
1418668202,2.57,1233456,21
1418671802,2.26,1057248,18
1418675402,0.11,58736,1
1418679001,0,0,0
1418682602,0,0,0
1418686202,0,0,0
1418689801,0,0,0
1418693401,0,0,0
1418697001,0,0,0
1418700601,0,0,0
1418704202,0.01,4170,1
1418707802,0.03,25020,6
1418711402,0.01,16680,4
1418715002,0.03,20850,5
1418718602,0.11,83400,20
1418722202,0.04,20850,5
1418725802,0,0,0
1418729401,0.03,20850,5
1418733002,0.08,60276,11
1418736601,2.15,204590,18
1418740201,0,18576,1
1418743801,0,0,0
1418747402,0,0,0
1418751002,0,0,0
1418754602,0,0,0
1418758202,0,0,0
1418761801,0,0,0
1418765402,0,0,0
1418769001,0,0,0
1418772601,0,0,0
1418776201,0,0,0
1418779801,0,0,0
1418783402,0,0,0
1418787002,0,0,0
1418790602,0.02,8352,2
1418794202,0.01,20850,5
1418797802,0.08,41700,10
1418801401,0.05,45870,11
1418805002,0.03,20850,5
1418808602,0.06,20850,5
1418812201,0.24,116760,28
1418815802,0.13,70890,17
1418819402,0.17,50070,12
1418823002,0.94,239858,23
1418826602,0,0,0
1418830201,0,0,0
1418833802,0,0,0
1418837401,0,4172,1
1418841001,0,0,0
1418844601,0,0,0
1418848202,0,0,0
1418851802,0,0,0
1418855402,0,0,0
1418859001,0,0,0
1418862601,0,0,0
