262144000S,0C
42542997 461
17643 1
3432 1
17713 1
8769 1
17687 1
65300 1
17661 1
16997 1
17549 1
67440 1
74343 1
17511 1
17531 1
49847 1
17579 1
6317 1
17575 1
8094 1
49970 1
49065 1
12239 1
37452 1
8367 1
49995 1
65546 1
13015 1
3301 1
1752527 1
17143 1
9580 1
8285 1
53856 1
134795 1
15691 1
14777 1
14697 1
56723 1
11232 1
7007 1
134792 1
6780 1
3300 1
9869 1
4909 1
787 1
3008 1
4416 1
63164 1
11094 1
4416 1
37564 1
60140 1
76914 1
192350 1
79042 1
8501 1
78869 1
4655062 1
23314 1
78859 1
75035 1
49775 1
13167 1
13293 1
80481 1
50708 1
42070 1
13331 1
1904 1
75811 1
10590 1
74278 1
17172 1
66851 1
66855 1
78941 1
4781 1
76812 1
5047 1
8165 1
2547 1
76927 1
74609 1
42794 1
10315 1
65768 1
75166 1
9732 1
78746 1
15735 1
2740 1
65955 1
76333 1
11522 1
78058 1
78051 1
65869 1
9313 1
77090 1
41872 1
12813 1
374168 1
15736 1
9163 1
1685 1
17242 1
65890 1
78491 1
78918 1
98275 1
77104 1
75827 1
7496 1
1946 1
75827 1
14821 1
247842 1
58362 1
2390 1
78812 1
65994 1
58057 1
78769 1
17076 1
75555 1
8059 1
75517 1
79564 1
1278 1
10671 1
77686 1
9120 1
848214 1
42322 1
2728 1
849 1
1284 1
17127 1
76553 1
15585 1
61442 1
1836 1
77015 1
7421 1
13374 1
76184 1
14518 1
76320 1
41991 1
16389 1
17050 1
77038 1
76415 1
5814 1
76269 1
3610 1
42670 1
15934 1
1429 1
8129 1
2055 1
8350 1
1426 1
3141 1
3273 1
1933 1
8184 1
14450 1
6421 1
5329 1
9041 1
42192 1
1944 1
9040 1
3651 1
8927 1
656081 1
8165 1
9041 1
6029 1
3190 1
7371 1
21795 1
3192 1
41632 1
3192 1
77295 1
6645 1
85370 1
6035 1
77068 1
10644 1
9155 1
2821 1
78135 1
8906 1
7288 1
41799 1
1762 1
6933 1
4422 1
76855 1
1916 1
8414 1
12401 1
11197 1
77187 1
15409 1
9080 1
77012 1
6087 1
77006 1
74250 1
84327 1
76761 1
7661 1
43204 1
78271 1
19907 1
