262144000S,0C
250 1
67757 1
-67757 -1
124688 1
-124688 -1
12243 1
-12243 -1
18054 1
67485 1
38044 1
-123583 -3
23063 1
68428 1
35302 1
64327 1
55045 1
173947 1
67882 1
86950 1
50100 1
68374 1
73159 1
66433 1
63160 1
68785 1
67593 1
71777 1
140143 1
74369 1
54914 1
67742 1
14066 1
54522 1
52648 1
62254 1
45142 1
63847 1
52910 1
57595 1
71134 1
42289 1
4213 1
52331 1
33683 1
47195 1
56994 1
74097 1
39141 1
51788 1
70585 1
43182 1
51508 1
39547 1
40707 1
56623 1
51737 1
34313 1
46059 1
38358 1
48927 1
39681 1
52251 1
5035 1
38843 1
68373 1
80667 1
53850 1
108521 1
56946 1
58305 1
46831 1
57569 1
53384 1
57479 1
8693 1
53858 1
55662 1
70890 1
12223 1
31784 1
54241 1
53309 1
94912 1
58199 1
152602 1
9854 1
65246 1
12726 1
74202 1
64327 1
58187 1
8703 1
23413 1
45846 1
75263 1
12722 1
77391 1
63997 1
52441 1
57371 1
73632 1
58728 1
12631 1
72679 1
68581 1
44324 1
80671 1
50766 1
35978 1
3042 1
11413 1
53260 1
89908 1
55502 1
6603 1
34472 1
10769 1
70385 1
42441 1
42507 1
69393 1
42572 1
31831 1
56550 1
13358 1
7347 1
12920 1
68614 1
42526 1
38902 1
38819 1
52182 1
39247 1
50203 1
48102 1
11953 1
42500 1
52382 1
49681 1
38334 1
46646 1
12398 1
39495 1
7213 1
11814 1
91981 1
1965 1
38777 1
41741 1
4133 1
40717 1
12833 1
52014 1
33305 1
48625 1
9140 1
77712 1
76190 1
27623 1
50722 1
323149 1
52670 1
35178 1
47609 1
45415 1
15400 1
15062 1
49066 1
